$ANSIBLE_VAULT;1.1;AES256
62363036393261333935393635663633393862656330343334326532643131356339643032353136
3738626231633130346635613835333230656461316437630a643161333034346531613238623034
37646332323937633931333364643532313962363539616539646265306636663035343239633938
3439636233666565330a633561346135356132646532353364363131383064663632316566363935
36613737376439333065306538383131326331343432303132613565313331633630333531353436
34393965323437666164663739336235313334653961306437646134353936363530306634316530
65373136333331366261633337306666643862646464386334316434653735303532643462663639
65636365666335663062326434363836386632366661343264303363303630396336333561326433
37653532326561326238623837323964646432663037326433373433653265313234663462323835
66376432376264383534333133643861356431353263393337623035326361623937333061656664
32353365346533316562323033643532356462643035373136363037383532383862663063343263
35633039343631316137346631663561663361303231343861356534346564653261346262353132
38353238393137373065343131353263376166396633353732346630353635306437393631393663
64303536643462653738346463383833383561623235396161313330653032343664633531656435
37663433383934333233336630376439663031303436623138303835386338346231393761623731
66386666613837346231306535356364356235386266343137366537636639643937663862613462
33613330656633363466313333636433353663656132326639336435366530386562646638323966
64633833383634343236306562303930333630386530396564623938396366653730323033636332
35376564303263323132656235356437336538383939376637303562633239656664333233353738
66646530653936656332623164376432306436326539653430393563376137323433386261363034
63393131636232653532326334393130636534396636613666363437393031386463623766373466
34386636616162336166303332383330343939663764623935323966396535343063643632323535
63653565653437366139623836323038646134323333303262303034376462313761653837346138
32616434376431633736303531363664353738363565336262656366656163626238346334623538
31643431396234623131653632653061376336363363373065353865316138643231653237336363
62663264383831326635323463303437313765613266616231303433633734333261623462323035
65366239383338616365313161393061336635383030303436646465356166643365633063633532
66393261396531373839333539666261323866326539623432343662633034303131316663373065
30306161313265653631623666353833643833636133643062616261363833366263633130386266
32643437386263613431376362646464363934633263306262346563323931386435383862353861
38646635666433373135613636613138343137393936396162663131343063303235613730393239
38623364376535383265623766386333343530396435303930346562633136383734386237623436
66653535653661653430363331383130646536616161663236343733626566316131623463373837
34383133373961353438626333383462623764376334656435356531633737303461303932383634
31383062333066313532353036333163373834663763303538656365323535306633653331653639
65346536643031316536393564346233323432396338383034643063653534613031386462346431
30306439373061633239636333663839613731326161363462663639646131613662653365313565
31313939303635303861643531656532333163383636323436346135643463613437323236396631
66626461646333663564396466393230613963373863363362636338636333653766366530306462
65646461336664643037336631326461323133626136303065336663323662656264303239393266
3230
